$ 1 0.000005 20.712724888983452 54 5 75 5e-11
v 176 272 176 144 0 1 60 127 0 0 0.5
w 352 224 352 272 3
T 272 192 352 192 0 1 2000 -40.33148294480917 0.013412616666718245 0.999
w 272 192 272 144 3
w 272 224 272 272 0
r 272 96 176 96 0 0.1
w 176 272 272 272 0
w 352 272 448 272 0
w 352 192 352 144 3
g 176 272 176 288 0 0
181 176 144 272 144 0 1724.0179806734934 5000 127 0.4 0.4
p 592 48 560 -48 1 0 0
R 624 432 560 480 0 0 40 3.3 0 0 0.5
r 608 368 640 320 0 10000
r 608 368 624 432 0 10000
w 528 368 544 288 2
g 688 128 688 96 0 0
w 640 320 688 128 0
w 608 368 528 368 0
c 544 288 640 320 0 0.00001 0.4065481659291337 0.001
r 448 272 448 144 0 22
w 528 368 448 272 0
w 560 240 576 144 2
r 576 144 576 96 0 1000
w 576 96 592 48 2
r 576 96 688 128 0 1000
w 448 144 560 240 0
d 368 0 448 96 2 default
w 352 144 448 144 0
o 3 64 3 4099 160 51.2 0 1
o 11 64 0 4098 0.625 0.1 1 1
